7.480187352515417151e+05,3.391863981598311104e+06
7.480187363041185308e+05,3.391863937399348710e+06
7.480187372522628866e+05,3.391863897400256712e+06
7.480187383034210652e+05,3.391863853201260790e+06
7.480187393021058524e+05,3.391863811102191452e+06
7.480187403001768980e+05,3.391863769003107212e+06
7.480187412976602791e+05,3.391863726904008538e+06
7.480187422945873113e+05,3.391863684804896358e+06
7.480187432909802301e+05,3.391863642705769744e+06
7.480187442868694197e+05,3.391863600606629625e+06
7.480187452822778141e+05,3.391863558507479727e+06
7.480187462772338185e+05,3.391863516408316325e+06
7.480187472717580386e+05,3.391863474309142679e+06
7.480187482658736408e+05,3.391863432209959719e+06
7.480187492596026277e+05,3.391863390110765584e+06
7.480187502529583871e+05,3.391863348011563066e+06
7.480187512459554709e+05,3.391863305912350304e+06
7.480187522386073833e+05,3.391863263813131023e+06
7.480187532309202943e+05,3.391863221713900566e+06
7.480187541714669205e+05,3.391863181714627426e+06
7.480187552149969852e+05,3.391863137515433598e+06
7.480187562071083812e+05,3.391863095416202210e+06
7.480187571992601734e+05,3.391863053316971287e+06
7.480187581914239563e+05,3.391863011217742693e+06
7.480187591835623607e+05,3.391862969118514564e+06
7.480187601756334770e+05,3.391862927019285504e+06
7.480187611675825901e+05,3.391862884920054581e+06
7.480187621593535878e+05,3.391862842820818536e+06
7.480187631508794148e+05,3.391862800721580628e+06
7.480187641420917353e+05,3.391862758622333407e+06
7.480187651329147629e+05,3.391862716523080599e+06
7.480187661232744576e+05,3.391862674423815217e+06
7.480187671130900271e+05,3.391862632324539125e+06
7.480187681022860343e+05,3.391862590225249995e+06
7.480187690907830838e+05,3.391862548125945032e+06
7.480187700785066700e+05,3.391862506026621908e+06
7.480187710653885733e+05,3.391862463927279226e+06
7.480187720001912676e+05,3.391862423927874304e+06
7.480187730363642331e+05,3.391862379728532862e+06
7.480187740203433204e+05,3.391862337629122194e+06
7.480187750032535987e+05,3.391862295529688243e+06
7.480187759850565344e+05,3.391862253430226352e+06
7.480187769657250028e+05,3.391862211330741644e+06
7.480187779452372342e+05,3.391862169231228065e+06
7.480187789235870587e+05,3.391862127131685149e+06
7.480187799007755239e+05,3.391862085032115690e+06
7.480187808768845862e+05,3.391862042932521552e+06
7.480187818522118032e+05,3.391862000832909252e+06
7.480187828268071171e+05,3.391861958733281121e+06
7.480187838006804232e+05,3.391861916633632965e+06
7.480187847738461569e+05,3.391861874533969909e+06
7.480187857463239925e+05,3.391861832434289157e+06
7.480187866677030688e+05,3.391861792434568983e+06
7.480187876893013017e+05,3.391861748234882485e+06
7.480187886598494370e+05,3.391861706135153770e+06
7.480187896298036212e+05,3.391861664035413880e+06
7.480187905991906300e+05,3.391861621935656760e+06
7.480187915680385195e+05,3.391861579835888930e+06
7.480187925363741815e+05,3.391861537736107130e+06
7.480187935042229947e+05,3.391861495636313222e+06
7.480187944716108032e+05,3.391861453536509536e+06
7.480187954385644989e+05,3.391861411436693743e+06
7.480187964051021263e+05,3.391861369336869102e+06
7.480187973712459207e+05,3.391861327237032820e+06
7.480187983370139264e+05,3.391861285137189087e+06
7.480187992522928398e+05,3.391861245137325488e+06
7.480188002674790332e+05,3.391861200937473215e+06
7.480188012321956921e+05,3.391861158837601542e+06
7.480188021965865046e+05,3.391861116737723351e+06
7.480188031609309837e+05,3.391861074637847953e+06
7.480188041253426345e+05,3.391861032537973020e+06
7.480188050898005022e+05,3.391860990438100882e+06
7.480188060542790918e+05,3.391860948338228278e+06
7.480188070187417325e+05,3.391860906238357536e+06
7.480188079330436885e+05,3.391860866238470655e+06
7.480188089474560693e+05,3.391860822038611863e+06
7.480188099115978694e+05,3.391860779938734137e+06
7.480188108755140565e+05,3.391860737838854082e+06
7.480188118391362950e+05,3.391860695738968905e+06
7.480188128023899626e+05,3.391860653639073018e+06
7.480188137651984580e+05,3.391860611539171543e+06
7.480188146774900379e+05,3.391860571539239492e+06
7.480188156891784165e+05,3.391860527339329943e+06
7.480188166501924861e+05,3.391860485239388887e+06
7.480188176104540471e+05,3.391860443139430601e+06
7.480188185698922025e+05,3.391860401039454155e+06
7.480188195744430413e+05,3.391860356829445809e+06
7.480188204362766119e+05,3.391860318939432502e+06
7.480188214426138438e+05,3.391860274739399552e+06
7.480188223981388146e+05,3.391860232639336027e+06
7.480188233525673859e+05,3.391860190539246891e+06
7.480188243058663793e+05,3.391860148439130746e+06
7.480188252580175176e+05,3.391860106338989921e+06
7.480188262090061326e+05,3.391860064238823019e+06
7.480188271588300122e+05,3.391860022138625849e+06
7.480188280582294101e+05,3.391859982138416730e+06
7.480188290553744882e+05,3.391859937938165385e+06
7.480188300024879863e+05,3.391859895837910008e+06
7.480188309488780797e+05,3.391859853737637401e+06
7.480188318945547799e+05,3.391859811637347098e+06
7.480188328395384597e+05,3.391859769537040498e+06
7.480188337838489097e+05,3.391859727436718531e+06
7.480188347275103442e+05,3.391859685336382128e+06
7.480188356705436017e+05,3.391859643236030359e+06
7.480188366129768547e+05,3.391859601135662291e+06
7.480188375548367621e+05,3.391859559035283513e+06
7.480188384472447215e+05,3.391859519034900237e+06
7.480188394369417801e+05,3.391859474834485445e+06
7.480188403772391612e+05,3.391859432734066620e+06
