7.416778597224496771e+05,3.391656918522277847e+06
7.416778597224496771e+05,3.391656918522277847e+06
7.416778597224496771e+05,3.391656918522277847e+06
7.416778597224496771e+05,3.391656918522277847e+06
7.416778597224496771e+05,3.391656918522277847e+06
7.416778597224496771e+05,3.391656918522277847e+06
7.416778597224496771e+05,3.391656918522277847e+06
7.416778597224496771e+05,3.391656918522277847e+06
7.416778597224496771e+05,3.391656918522277847e+06
7.416778597224496771e+05,3.391656918522277847e+06
7.416778549772404367e+05,3.391657129991571885e+06
7.416778549772404367e+05,3.391657129991571885e+06
7.416778549772404367e+05,3.391657129991571885e+06
7.416778549772404367e+05,3.391657129991571885e+06
7.416778549772404367e+05,3.391657129991571885e+06
7.416778549772404367e+05,3.391657129991571885e+06
7.416778549772404367e+05,3.391657129991571885e+06
7.416778549772404367e+05,3.391657129991571885e+06
7.416778549772404367e+05,3.391657129991571885e+06
7.416778502320309635e+05,3.391657341460866854e+06
7.416778502320309635e+05,3.391657341460866854e+06
7.416778502320309635e+05,3.391657341460866854e+06
7.416778502320309635e+05,3.391657341460866854e+06
7.416778502320309635e+05,3.391657341460866854e+06
7.416778502320309635e+05,3.391657341460866854e+06
7.416778502320309635e+05,3.391657341460866854e+06
7.416778502320309635e+05,3.391657341460866854e+06
7.416778454868211411e+05,3.391657552930159494e+06
7.416778454868211411e+05,3.391657552930159494e+06
7.416778454868211411e+05,3.391657552930159494e+06
7.416778454868211411e+05,3.391657552930159494e+06
7.416778454868211411e+05,3.391657552930159494e+06
7.416778454868211411e+05,3.391657552930159494e+06
7.416778454868211411e+05,3.391657552930159494e+06
7.416778407416110858e+05,3.391657764399453532e+06
7.416778407416110858e+05,3.391657764399453532e+06
7.416778407416110858e+05,3.391657764399453532e+06
7.416778407416110858e+05,3.391657764399453532e+06
7.416778407416110858e+05,3.391657764399453532e+06
7.416778407416110858e+05,3.391657764399453532e+06
7.416778359964007977e+05,3.391657975868748035e+06
7.416778359964007977e+05,3.391657975868748035e+06
7.416778359964007977e+05,3.391657975868748035e+06
7.416778359964007977e+05,3.391657975868748035e+06
7.416778359964007977e+05,3.391657975868748035e+06
7.416778359964007977e+05,3.391657975868748035e+06
7.416778312511901604e+05,3.391658187338043004e+06
7.416778312511901604e+05,3.391658187338043004e+06
7.416778312511901604e+05,3.391658187338043004e+06
7.416778312511901604e+05,3.391658187338043004e+06
7.416778312511901604e+05,3.391658187338043004e+06
7.416778265059792902e+05,3.391658398807336576e+06
7.416778265059792902e+05,3.391658398807336576e+06
7.416778265059792902e+05,3.391658398807336576e+06
7.416778265059792902e+05,3.391658398807336576e+06
7.416778265059792902e+05,3.391658398807336576e+06
7.416778217607680708e+05,3.391658610276631080e+06
7.416778217607680708e+05,3.391658610276631080e+06
7.416778217607680708e+05,3.391658610276631080e+06
7.416778217607680708e+05,3.391658610276631080e+06
7.416778217607680708e+05,3.391658610276631080e+06
7.416778170155566186e+05,3.391658821745924652e+06
7.416778170155566186e+05,3.391658821745924652e+06
7.416778170155566186e+05,3.391658821745924652e+06
7.416778170155566186e+05,3.391658821745924652e+06
7.416778170155566186e+05,3.391658821745924652e+06
7.416778122703450499e+05,3.391659033215218689e+06
7.416778122703450499e+05,3.391659033215218689e+06
7.416778122703450499e+05,3.391659033215218689e+06
7.416778122703450499e+05,3.391659033215218689e+06
7.416778075251330156e+05,3.391659244684514590e+06
7.416778075251330156e+05,3.391659244684514590e+06
7.416778075251330156e+05,3.391659244684514590e+06
7.416778075251330156e+05,3.391659244684514590e+06
7.416778027799208649e+05,3.391659456153808162e+06
7.416778027799208649e+05,3.391659456153808162e+06
7.416778027799208649e+05,3.391659456153808162e+06
7.416778027799208649e+05,3.391659456153808162e+06
7.416778027799208649e+05,3.391659456153808162e+06
7.416777980347083649e+05,3.391659667623103131e+06
7.416777980347083649e+05,3.391659667623103131e+06
7.416777980347083649e+05,3.391659667623103131e+06
7.416777980347083649e+05,3.391659667623103131e+06
7.416777932894956321e+05,3.391659879092397168e+06
7.416777932894956321e+05,3.391659879092397168e+06
7.416777932894956321e+05,3.391659879092397168e+06
7.416777885442825500e+05,3.391660090561691672e+06
7.416777885442825500e+05,3.391660090561691672e+06
7.416777885442825500e+05,3.391660090561691672e+06
7.416777885442825500e+05,3.391660090561691672e+06
7.416777837990693515e+05,3.391660302030986641e+06
7.416777837990693515e+05,3.391660302030986641e+06
7.416777837990693515e+05,3.391660302030986641e+06
7.416777837990693515e+05,3.391660302030986641e+06
7.416777790538556874e+05,3.391660513500281610e+06
7.416777790538556874e+05,3.391660513500281610e+06
7.416777790538556874e+05,3.391660513500281610e+06
7.416777743086419068e+05,3.391660724969577510e+06
7.416777743086419068e+05,3.391660724969577510e+06
7.416777743086419068e+05,3.391660724969577510e+06
7.416777743086419068e+05,3.391660724969577510e+06
7.416777695634278934e+05,3.391660936438871082e+06
7.416777695634278934e+05,3.391660936438871082e+06
7.416777695634278934e+05,3.391660936438871082e+06
7.416777695634278934e+05,3.391660936438871082e+06
7.416777648182134144e+05,3.391661147908166982e+06
7.416777648182134144e+05,3.391661147908166982e+06
7.416777648182134144e+05,3.391661147908166982e+06
7.416777600729988189e+05,3.391661359377461020e+06
7.416777600729988189e+05,3.391661359377461020e+06
7.416777600729988189e+05,3.391661359377461020e+06
7.416777553277839907e+05,3.391661570846755523e+06
7.416777553277839907e+05,3.391661570846755523e+06
7.416777553277839907e+05,3.391661570846755523e+06
7.416777553277839907e+05,3.391661570846755523e+06
7.416777505825688131e+05,3.391661782316051889e+06
7.416777505825688131e+05,3.391661782316051889e+06
7.416777505825688131e+05,3.391661782316051889e+06
7.416777458373532863e+05,3.391661993785345461e+06
7.416777458373532863e+05,3.391661993785345461e+06
7.416777458373532863e+05,3.391661993785345461e+06
7.416777410921376431e+05,3.391662205254641362e+06
7.416777410921376431e+05,3.391662205254641362e+06
7.416777410921376431e+05,3.391662205254641362e+06
7.416777363469216507e+05,3.391662416723936796e+06
7.416777363469216507e+05,3.391662416723936796e+06
7.416777363469216507e+05,3.391662416723936796e+06
7.416777316017054254e+05,3.391662628193231300e+06
7.416777316017054254e+05,3.391662628193231300e+06
7.416777316017054254e+05,3.391662628193231300e+06
7.416777268564888509e+05,3.391662839662526734e+06
7.416777268564888509e+05,3.391662839662526734e+06
7.416777268564888509e+05,3.391662839662526734e+06
7.416777221112721600e+05,3.391663051131822169e+06
7.416777221112721600e+05,3.391663051131822169e+06
7.416777221112721600e+05,3.391663051131822169e+06
7.416777173660551198e+05,3.391663262601117603e+06
7.416777173660551198e+05,3.391663262601117603e+06
7.416777173660551198e+05,3.391663262601117603e+06
7.416777126208378468e+05,3.391663474070413038e+06
7.416777126208378468e+05,3.391663474070413038e+06
7.416777126208378468e+05,3.391663474070413038e+06
7.416777078756202245e+05,3.391663685539708007e+06
7.416777078756202245e+05,3.391663685539708007e+06
7.416777078756202245e+05,3.391663685539708007e+06
7.416777031304023694e+05,3.391663897009003907e+06
7.416777031304023694e+05,3.391663897009003907e+06
7.416777031304023694e+05,3.391663897009003907e+06
7.416776983851842815e+05,3.391664108478299808e+06
7.416776983851842815e+05,3.391664108478299808e+06
7.416776936399659608e+05,3.391664319947595708e+06
7.416776936399659608e+05,3.391664319947595708e+06
7.416776936399659608e+05,3.391664319947595708e+06
7.416776888947472908e+05,3.391664531416891608e+06
7.416776888947472908e+05,3.391664531416891608e+06
7.416776888947472908e+05,3.391664531416891608e+06
7.416776841495283879e+05,3.391664742886186112e+06
7.416776841495283879e+05,3.391664742886186112e+06
7.416776841495283879e+05,3.391664742886186112e+06
7.416776794043092523e+05,3.391664954355482012e+06
7.416776794043092523e+05,3.391664954355482012e+06
7.416776746590897674e+05,3.391665165824777912e+06
7.416776746590897674e+05,3.391665165824777912e+06
7.416776746590897674e+05,3.391665165824777912e+06
7.416776699138699332e+05,3.391665377294073347e+06
7.416776699138699332e+05,3.391665377294073347e+06
7.416776699138699332e+05,3.391665377294073347e+06
7.416776651686499827e+05,3.391665588763370644e+06
7.416776651686499827e+05,3.391665588763370644e+06
7.416776604234296829e+05,3.391665800232666079e+06
7.416776604234296829e+05,3.391665800232666079e+06
7.416776604234296829e+05,3.391665800232666079e+06
7.416776556782091502e+05,3.391666011701962445e+06
7.416776556782091502e+05,3.391666011701962445e+06
7.416776509329885012e+05,3.391666223171256948e+06
7.416776509329885012e+05,3.391666223171256948e+06
7.416776509329885012e+05,3.391666223171256948e+06
7.416776461877673864e+05,3.391666434640554711e+06
7.416776461877673864e+05,3.391666434640554711e+06
7.416776461877673864e+05,3.391666434640554711e+06
7.416776414425460389e+05,3.391666646109850612e+06
7.416776414425460389e+05,3.391666646109850612e+06
7.416776366973244585e+05,3.391666857579145581e+06
7.416776366973244585e+05,3.391666857579145581e+06
7.416776319521026453e+05,3.391667069048443809e+06
7.416776319521026453e+05,3.391667069048443809e+06
7.416776319521026453e+05,3.391667069048443809e+06
7.416776272068804828e+05,3.391667280517739244e+06
7.416776272068804828e+05,3.391667280517739244e+06
7.416776224616580876e+05,3.391667491987035610e+06
7.416776224616580876e+05,3.391667491987035610e+06
7.416776224616580876e+05,3.391667491987035610e+06
7.416776177164354594e+05,3.391667703456332441e+06
7.416776177164354594e+05,3.391667703456332441e+06
7.416776129712124821e+05,3.391667914925628342e+06
7.416776129712124821e+05,3.391667914925628342e+06
7.416776129712124821e+05,3.391667914925628342e+06
7.416776082259893883e+05,3.391668126394924708e+06
7.416776082259893883e+05,3.391668126394924708e+06
7.416776034807658289e+05,3.391668337864221074e+06
7.416776034807658289e+05,3.391668337864221074e+06
7.416775987355420366e+05,3.391668549333518837e+06
7.416775987355420366e+05,3.391668549333518837e+06
7.416775987355420366e+05,3.391668549333518837e+06
7.416775939903181279e+05,3.391668760802814737e+06
7.416775939903181279e+05,3.391668760802814737e+06
7.416775892450938700e+05,3.391668972272112034e+06
7.416775892450938700e+05,3.391668972272112034e+06
7.416775844998692628e+05,3.391669183741408400e+06
7.416775844998692628e+05,3.391669183741408400e+06
7.416775844998692628e+05,3.391669183741408400e+06
7.416775844998692628e+05,3.391669183741408400e+06
7.416775797546445392e+05,3.391669395210704766e+06
7.416775797546445392e+05,3.391669395210704766e+06
7.416775750094193500e+05,3.391669606680002995e+06
7.416775750094193500e+05,3.391669606680002995e+06
7.416775702641941607e+05,3.391669818149298895e+06
7.416775702641941607e+05,3.391669818149298895e+06
7.416775655189685058e+05,3.391670029618596192e+06
7.416775655189685058e+05,3.391670029618596192e+06
7.416775655189685058e+05,3.391670029618596192e+06
7.416775655189685058e+05,3.391670029618596192e+06
7.416775607737425016e+05,3.391670241087893955e+06
7.416775607737425016e+05,3.391670241087893955e+06
7.416775560285164975e+05,3.391670452557190787e+06
7.416775560285164975e+05,3.391670452557190787e+06
7.416775512832900276e+05,3.391670664026487153e+06
7.416775512832900276e+05,3.391670664026487153e+06
7.416775465380633250e+05,3.391670875495784450e+06
7.416775465380633250e+05,3.391670875495784450e+06
7.416775417928365059e+05,3.391671086965081748e+06
7.416775417928365059e+05,3.391671086965081748e+06
7.416775370476092212e+05,3.391671298434378114e+06
7.416775370476092212e+05,3.391671298434378114e+06
7.416775323023817036e+05,3.391671509903675877e+06
7.416775323023817036e+05,3.391671509903675877e+06
7.416775275571539532e+05,3.391671721372974105e+06
7.416775275571539532e+05,3.391671721372974105e+06
7.416775228119259700e+05,3.391671932842270937e+06
7.416775228119259700e+05,3.391671932842270937e+06
7.416775180666976376e+05,3.391672144311567768e+06
7.416775180666976376e+05,3.391672144311567768e+06
7.416775133214690723e+05,3.391672355780865997e+06
7.416775133214690723e+05,3.391672355780865997e+06
7.416775085762402741e+05,3.391672567250162829e+06
7.416775085762402741e+05,3.391672567250162829e+06
7.416775038310112432e+05,3.391672778719461057e+06
7.416775038310112432e+05,3.391672778719461057e+06
7.416774990857818630e+05,3.391672990188758820e+06
7.416774990857818630e+05,3.391672990188758820e+06
7.416774943405521335e+05,3.391673201658056583e+06
7.416774943405521335e+05,3.391673201658056583e+06
7.416774895953222876e+05,3.391673413127354812e+06
7.416774848500920925e+05,3.391673624596652575e+06
7.416774848500920925e+05,3.391673624596652575e+06
7.416774848500920925e+05,3.391673624596652575e+06
7.416774801048616646e+05,3.391673836065950338e+06
7.416774801048616646e+05,3.391673836065950338e+06
7.416774753596310038e+05,3.391674047535247635e+06
7.416774753596310038e+05,3.391674047535247635e+06
7.416774706143999938e+05,3.391674259004546329e+06
7.416774658691687509e+05,3.391674470473843627e+06
7.416774658691687509e+05,3.391674470473843627e+06
7.416774658691687509e+05,3.391674470473843627e+06
7.416774611239372753e+05,3.391674681943141855e+06
7.416774611239372753e+05,3.391674681943141855e+06
7.416774563787055667e+05,3.391674893412441947e+06
7.416774563787055667e+05,3.391674893412441947e+06
7.416774516334735090e+05,3.391675104881738313e+06
7.416774516334735090e+05,3.391675104881738313e+06
7.416774468882412184e+05,3.391675316351037007e+06
7.416774468882412184e+05,3.391675316351037007e+06
7.416774421430085786e+05,3.391675527820335235e+06
7.416774421430085786e+05,3.391675527820335235e+06
7.416774373977758223e+05,3.391675739289633464e+06
7.416774373977758223e+05,3.391675739289633464e+06
7.416774326525426004e+05,3.391675950758931693e+06
7.416774326525426004e+05,3.391675950758931693e+06
7.416774279073092621e+05,3.391676162228229921e+06
7.416774279073092621e+05,3.391676162228229921e+06
7.416774231620755745e+05,3.391676373697529081e+06
7.416774184168416541e+05,3.391676585166827310e+06
7.416774184168416541e+05,3.391676585166827310e+06
7.416774184168416541e+05,3.391676585166827310e+06
7.416774136716076173e+05,3.391676796636126470e+06
7.416774136716076173e+05,3.391676796636126470e+06
7.416774089263731148e+05,3.391677008105424233e+06
7.416774089263731148e+05,3.391677008105424233e+06
7.416773994359032949e+05,3.391677431044022087e+06
7.416773994359032949e+05,3.391677431044022087e+06
7.416773946906680940e+05,3.391677642513320316e+06
7.416773946906680940e+05,3.391677642513320316e+06
7.416773946906680940e+05,3.391677642513320316e+06
7.416773946906680940e+05,3.391677642513320316e+06
7.416773852001967607e+05,3.391678065451918170e+06
7.416773852001967607e+05,3.391678065451918170e+06
7.416773804549607448e+05,3.391678276921216864e+06
7.416773804549607448e+05,3.391678276921216864e+06
7.416773757097243797e+05,3.391678488390516024e+06
7.416773757097243797e+05,3.391678488390516024e+06
7.416773757097243797e+05,3.391678488390516024e+06
7.416773757097243797e+05,3.391678488390516024e+06
7.416773662192509510e+05,3.391678911329114344e+06
7.416773662192509510e+05,3.391678911329114344e+06
7.416773614740138873e+05,3.391679122798412573e+06
7.416773614740138873e+05,3.391679122798412573e+06
7.416773567287764745e+05,3.391679334267712198e+06
7.416773567287764745e+05,3.391679334267712198e+06
7.416773519835388288e+05,3.391679545737012755e+06
7.416773519835388288e+05,3.391679545737012755e+06
7.416773472383008339e+05,3.391679757206310984e+06
7.416773472383008339e+05,3.391679757206310984e+06
7.416773424930626061e+05,3.391679968675610609e+06
7.416773424930626061e+05,3.391679968675610609e+06
7.416773377478241455e+05,3.391680180144910235e+06
7.416773377478241455e+05,3.391680180144910235e+06
7.416773282573465258e+05,3.391680603083508555e+06
7.416773282573465258e+05,3.391680603083508555e+06
7.416773235121071339e+05,3.391680814552808180e+06
7.416773187668675091e+05,3.391681026022108737e+06
7.416773187668675091e+05,3.391681026022108737e+06
7.416773187668675091e+05,3.391681026022108737e+06
7.416773140216278844e+05,3.391681237491406966e+06
7.416773140216278844e+05,3.391681237491406966e+06
7.416773092763876775e+05,3.391681448960707989e+06
7.416773092763876775e+05,3.391681448960707989e+06
7.416773045311473543e+05,3.391681660430007149e+06
7.416773045311473543e+05,3.391681660430007149e+06
7.416772950406658929e+05,3.391682083368606865e+06
7.416772950406658929e+05,3.391682083368606865e+06
7.416772902954248711e+05,3.391682294837906491e+06
7.416772902954248711e+05,3.391682294837906491e+06
7.416772855501833837e+05,3.391682506307205185e+06
7.416772855501833837e+05,3.391682506307205185e+06
7.416772808049416635e+05,3.391682717776507139e+06
7.416772808049416635e+05,3.391682717776507139e+06
7.416772760596997105e+05,3.391682929245806299e+06
7.416772760596997105e+05,3.391682929245806299e+06
7.416772713144575246e+05,3.391683140715106856e+06
7.416772713144575246e+05,3.391683140715106856e+06
7.416772665692149894e+05,3.391683352184406947e+06
7.416772665692149894e+05,3.391683352184406947e+06
7.416772618239723379e+05,3.391683563653706107e+06
7.416772618239723379e+05,3.391683563653706107e+06
7.416772570787292207e+05,3.391683775123006199e+06
7.416772570787292207e+05,3.391683775123006199e+06
7.416772475882424042e+05,3.391684198061608709e+06
7.416772475882424042e+05,3.391684198061608709e+06
7.416772428429985885e+05,3.391684409530907404e+06
7.416772428429985885e+05,3.391684409530907404e+06
7.416772380977545399e+05,3.391684621000207961e+06
7.416772380977545399e+05,3.391684621000207961e+06
7.416772333525100257e+05,3.391684832469508983e+06
7.416772333525100257e+05,3.391684832469508983e+06
7.416772238620206481e+05,3.391685255408109166e+06
7.416772238620206481e+05,3.391685255408109166e+06
7.416772191167754354e+05,3.391685466877410654e+06
7.416772143715299899e+05,3.391685678346711677e+06
7.416772096262843115e+05,3.391685889816012233e+06
7.416772096262843115e+05,3.391685889816012233e+06
7.416772096262843115e+05,3.391685889816012233e+06
7.416772096262843115e+05,3.391685889816012233e+06
7.416772048810382839e+05,3.391686101285313256e+06
7.416772048810382839e+05,3.391686101285313256e+06
7.416771953905456467e+05,3.391686524223913904e+06
7.416771953905456467e+05,3.391686524223913904e+06
7.416771906452988042e+05,3.391686735693215858e+06
7.416771906452988042e+05,3.391686735693215858e+06
7.416771811548045371e+05,3.391687158631817438e+06
7.416771811548045371e+05,3.391687158631817438e+06
7.416771764095568797e+05,3.391687370101119392e+06
7.416771764095568797e+05,3.391687370101119392e+06
7.416771716643089894e+05,3.391687581570419949e+06
7.416771716643089894e+05,3.391687581570419949e+06
7.416771669190609828e+05,3.391687793039720971e+06
7.416771669190609828e+05,3.391687793039720971e+06
7.416771621738125104e+05,3.391688004509021994e+06
7.416771621738125104e+05,3.391688004509021994e+06
7.416771574285639217e+05,3.391688215978323482e+06
7.416771574285639217e+05,3.391688215978323482e+06
7.416771526833151001e+05,3.391688427447624505e+06
7.416771526833151001e+05,3.391688427447624505e+06
7.416771431928162929e+05,3.391688850386227947e+06
7.416771431928162929e+05,3.391688850386227947e+06
7.416771337023166707e+05,3.391689273324831389e+06
7.416771337023166707e+05,3.391689273324831389e+06
7.416771289570664521e+05,3.391689484794132411e+06
7.416771289570664521e+05,3.391689484794132411e+06
7.416771242118157679e+05,3.391689696263432968e+06
7.416771242118157679e+05,3.391689696263432968e+06
7.416771194665650837e+05,3.391689907732735854e+06
7.416771194665650837e+05,3.391689907732735854e+06
7.416771147213140503e+05,3.391690119202036876e+06
7.416771147213140503e+05,3.391690119202036876e+06
7.416771099760626676e+05,3.391690330671340227e+06
7.416771099760626676e+05,3.391690330671340227e+06
7.416771052308110520e+05,3.391690542140641250e+06
7.416771052308110520e+05,3.391690542140641250e+06
7.416770957403071225e+05,3.391690965079244692e+06
7.416770957403071225e+05,3.391690965079244692e+06
7.416770862498020288e+05,3.391691388017848600e+06
7.416770862498020288e+05,3.391691388017848600e+06
7.416770815045491327e+05,3.391691599487149622e+06
7.416770815045491327e+05,3.391691599487149622e+06
7.416770767592958873e+05,3.391691810956452042e+06
7.416770767592958873e+05,3.391691810956452042e+06
7.416770720140424091e+05,3.391692022425755858e+06
7.416770720140424091e+05,3.391692022425755858e+06
7.416770672687886981e+05,3.391692233895057347e+06
7.416770672687886981e+05,3.391692233895057347e+06
7.416770577782804612e+05,3.391692656833661254e+06
7.416770577782804612e+05,3.391692656833661254e+06
7.416770482877711765e+05,3.391693079772265628e+06
7.416770482877711765e+05,3.391693079772265628e+06
7.416770435425159521e+05,3.391693291241569445e+06
7.416770435425159521e+05,3.391693291241569445e+06
7.416770435425159521e+05,3.391693291241569445e+06
7.416770435425159521e+05,3.391693291241569445e+06
7.416770340520050377e+05,3.391693714180174284e+06
7.416770340520050377e+05,3.391693714180174284e+06
7.416770245614929590e+05,3.391694137118779588e+06
7.416770245614929590e+05,3.391694137118779588e+06
7.416770198162365705e+05,3.391694348588082939e+06
7.416770150709798327e+05,3.391694560057385825e+06
7.416770150709798327e+05,3.391694560057385825e+06
7.416770150709798327e+05,3.391694560057385825e+06
7.416770103257229785e+05,3.391694771526687313e+06
7.416770103257229785e+05,3.391694771526687313e+06
7.416770055804657750e+05,3.391694982995990664e+06
7.416770055804657750e+05,3.391694982995990664e+06
7.416769960899505531e+05,3.391695405934597831e+06
7.416769960899505531e+05,3.391695405934597831e+06
7.416769913446924184e+05,3.391695617403899785e+06
7.416769913446924184e+05,3.391695617403899785e+06
7.416769818541756831e+05,3.391696040342505556e+06
7.416769818541756831e+05,3.391696040342505556e+06
7.416769771089167334e+05,3.391696251811809372e+06
7.416769723636576673e+05,3.391696463281112723e+06
7.416769676183983684e+05,3.391696674750417005e+06
7.416769676183983684e+05,3.391696674750417005e+06
7.416769676183983684e+05,3.391696674750417005e+06
7.416769676183983684e+05,3.391696674750417005e+06
7.416769581278788392e+05,3.391697097689023241e+06
7.416769581278788392e+05,3.391697097689023241e+06
7.416769486373582622e+05,3.391697520627629012e+06
7.416769486373582622e+05,3.391697520627629012e+06
7.416769438920975663e+05,3.391697732096933294e+06
7.416769438920975663e+05,3.391697732096933294e+06
7.416769391468365211e+05,3.391697943566236179e+06
7.416769391468365211e+05,3.391697943566236179e+06
7.416769296563138487e+05,3.391698366504843347e+06
7.416769296563138487e+05,3.391698366504843347e+06
7.416769249110521050e+05,3.391698577974148560e+06
7.416769201657900121e+05,3.391698789443450514e+06
7.416769201657900121e+05,3.391698789443450514e+06
7.416769201657900121e+05,3.391698789443450514e+06
7.416769154205276864e+05,3.391699000912754796e+06
7.416769154205276864e+05,3.391699000912754796e+06
7.416769106752651278e+05,3.391699212382059544e+06
7.416769106752651278e+05,3.391699212382059544e+06
7.416769011847391957e+05,3.391699635320666712e+06
7.416769011847391957e+05,3.391699635320666712e+06
7.416768964394757058e+05,3.391699846789970994e+06
7.416768964394757058e+05,3.391699846789970994e+06
7.416768869489482604e+05,3.391700269728579558e+06
7.416768869489482604e+05,3.391700269728579558e+06
7.416768822036839556e+05,3.391700481197883375e+06
7.416768774584196508e+05,3.391700692667188123e+06
7.416768727131548803e+05,3.391700904136491939e+06
7.416768727131548803e+05,3.391700904136491939e+06
7.416768727131548803e+05,3.391700904136491939e+06
7.416768727131548803e+05,3.391700904136491939e+06
7.416768632226246409e+05,3.391701327075100504e+06
7.416768632226246409e+05,3.391701327075100504e+06
7.416768584773590555e+05,3.391701538544405252e+06
7.416768584773590555e+05,3.391701538544405252e+06
7.416768489868271863e+05,3.391701961483014282e+06
7.416768489868271863e+05,3.391701961483014282e+06
7.416768394962942693e+05,3.391702384421623778e+06
7.416768394962942693e+05,3.391702384421623778e+06
7.416768347510274034e+05,3.391702595890928060e+06
7.416768347510274034e+05,3.391702595890928060e+06
7.416768300057603046e+05,3.391702807360233273e+06
7.416768300057603046e+05,3.391702807360233273e+06
7.416768252604929730e+05,3.391703018829537556e+06
7.416768252604929730e+05,3.391703018829537556e+06
7.416768157699573785e+05,3.391703441768147983e+06
7.416768157699573785e+05,3.391703441768147983e+06
7.416768110246891156e+05,3.391703653237452265e+06
7.416768110246891156e+05,3.391703653237452265e+06
7.416768062794206198e+05,3.391703864706757478e+06
7.416768062794206198e+05,3.391703864706757478e+06
7.416767967888829298e+05,3.391704287645366509e+06
7.416767967888829298e+05,3.391704287645366509e+06
7.416767872983440757e+05,3.391704710583977867e+06
7.416767872983440757e+05,3.391704710583977867e+06
7.416767825530742994e+05,3.391704922053283546e+06
7.416767825530742994e+05,3.391704922053283546e+06
7.416767778078042902e+05,3.391705133522587828e+06
7.416767778078042902e+05,3.391705133522587828e+06
7.416767730625338154e+05,3.391705344991893042e+06
7.416767730625338154e+05,3.391705344991893042e+06
7.416767635719924001e+05,3.391705767930504866e+06
7.416767635719924001e+05,3.391705767930504866e+06
7.416767540814498207e+05,3.391706190869114827e+06
7.416767540814498207e+05,3.391706190869114827e+06
7.416767493361780653e+05,3.391706402338421438e+06
7.416767493361780653e+05,3.391706402338421438e+06
7.416767445909061935e+05,3.391706613807726651e+06
7.416767445909061935e+05,3.391706613807726651e+06
7.416767398456339724e+05,3.391706825277031865e+06
7.416767398456339724e+05,3.391706825277031865e+06
7.416767303550887154e+05,3.391707248215643689e+06
7.416767303550887154e+05,3.391707248215643689e+06
7.416767256098156795e+05,3.391707459684948903e+06
7.416767256098156795e+05,3.391707459684948903e+06
7.416767208645424107e+05,3.391707671154256444e+06
7.416767208645424107e+05,3.391707671154256444e+06
7.416767113739950582e+05,3.391708094092867803e+06
7.416767113739950582e+05,3.391708094092867803e+06
7.416767066287208581e+05,3.391708305562173948e+06
7.416767066287208581e+05,3.391708305562173948e+06
7.416766971381718758e+05,3.391708728500786237e+06
7.416766971381718758e+05,3.391708728500786237e+06
7.416766876476218458e+05,3.391709151439398527e+06
7.416766876476218458e+05,3.391709151439398527e+06
7.416766829023463652e+05,3.391709362908704672e+06
7.416766829023463652e+05,3.391709362908704672e+06
7.416766781570706517e+05,3.391709574378011283e+06
7.416766781570706517e+05,3.391709574378011283e+06
7.416766686665185262e+05,3.391709997316623572e+06
7.416766686665185262e+05,3.391709997316623572e+06
7.416766639212419977e+05,3.391710208785930648e+06
7.416766639212419977e+05,3.391710208785930648e+06
7.416766591759652365e+05,3.391710420255236328e+06
7.416766591759652365e+05,3.391710420255236328e+06
7.416766496854108991e+05,3.391710843193850014e+06
7.416766496854108991e+05,3.391710843193850014e+06
7.416766449401333230e+05,3.391711054663157556e+06
7.416766449401333230e+05,3.391711054663157556e+06
7.416766401948553976e+05,3.391711266132463235e+06
7.416766401948553976e+05,3.391711266132463235e+06
7.416766307042989647e+05,3.391711689071077388e+06
7.416766307042989647e+05,3.391711689071077388e+06
7.416766259590203408e+05,3.391711900540383998e+06
7.416766259590203408e+05,3.391711900540383998e+06
7.416766164684621617e+05,3.391712323478997685e+06
7.416766164684621617e+05,3.391712323478997685e+06
7.416766117231827229e+05,3.391712534948304761e+06
7.416766117231827229e+05,3.391712534948304761e+06
7.416766117231827229e+05,3.391712534948304761e+06
7.416766069779030513e+05,3.391712746417611837e+06
7.416766069779030513e+05,3.391712746417611837e+06
7.416765974873427767e+05,3.391713169356226921e+06
7.416765974873427767e+05,3.391713169356226921e+06
7.416765927420622902e+05,3.391713380825532600e+06
7.416765927420622902e+05,3.391713380825532600e+06
7.416765879967814544e+05,3.391713592294840608e+06
7.416765879967814544e+05,3.391713592294840608e+06
7.416765785062190844e+05,3.391714015233456157e+06
7.416765785062190844e+05,3.391714015233456157e+06
7.416765737609374337e+05,3.391714226702764165e+06
7.416765737609374337e+05,3.391714226702764165e+06
7.416765690156556666e+05,3.391714438172070310e+06
7.416765690156556666e+05,3.391714438172070310e+06
7.416765642703735502e+05,3.391714649641378317e+06
7.416765642703735502e+05,3.391714649641378317e+06
7.416765547798083862e+05,3.391715072579993866e+06
7.416765547798083862e+05,3.391715072579993866e+06
